-32.503799,116.971908,15,2,2023,1,29,42
-32.503887,116.971733,15,2,2023,1,34,40
-32.503673,116.971939,15,2,2023,1,40,0
-32.503829,116.971794,15,2,2023,1,44,39
-32.503692,116.971839,15,2,2023,1,49,41
-32.503826,116.971946,15,2,2023,1,54,41
-32.503871,116.971801,15,2,2023,1,59,40
-32.503772,116.971900,15,2,2023,2,4,38
-32.503509,116.972221,15,2,2023,2,9,40
-32.503791,116.971893,15,2,2023,2,14,39
-32.503780,116.971878,15,2,2023,2,19,46
-32.503639,116.972023,15,2,2023,2,24,46
-32.504138,116.971405,15,2,2023,2,29,41
-32.504112,116.971473,15,2,2023,2,34,43
-32.504035,116.971496,15,2,2023,2,39,41
-32.503795,116.971969,15,2,2023,2,44,41
-32.503856,116.971977,15,2,2023,2,49,40
-32.503841,116.971931,15,2,2023,2,54,39
-32.503704,116.972297,15,2,2023,2,59,59
-32.503791,116.972061,15,2,2023,3,4,46
-32.503757,116.972076,15,2,2023,3,9,46
-32.503753,116.972114,15,2,2023,3,15,0
-32.503768,116.972091,15,2,2023,3,19,41
-32.503803,116.972068,15,2,2023,3,24,43
-32.503887,116.972190,15,2,2023,3,29,39
-32.503677,116.972152,15,2,2023,3,34,55
-32.503784,116.972129,15,2,2023,3,39,41
-32.503803,116.972183,15,2,2023,3,44,39
-32.503700,116.972274,15,2,2023,3,49,43
-32.503650,116.971939,15,2,2023,3,54,42
-32.503654,116.972068,15,2,2023,3,59,40
-32.503829,116.972175,15,2,2023,4,4,40
-32.503425,116.971717,15,2,2023,4,9,42
-32.503753,116.972213,15,2,2023,4,14,42
-32.503726,116.972259,15,2,2023,4,19,39
-32.503582,116.971832,15,2,2023,4,24,52
-32.503749,116.972244,15,2,2023,4,29,41
-32.503696,116.972129,15,2,2023,4,35,1
-32.503681,116.972259,15,2,2023,4,39,39
-32.503753,116.972007,15,2,2023,4,44,39
-32.503684,116.972213,15,2,2023,4,49,39
-32.503681,116.972282,15,2,2023,4,54,39
-32.503540,116.972610,15,2,2023,4,59,42
-32.503612,116.972412,15,2,2023,5,4,42
-32.503726,116.971977,15,2,2023,5,9,45
-32.503784,116.971824,15,2,2023,5,14,44
-32.503616,116.972190,15,2,2023,5,24,56
-32.503543,116.972396,15,2,2023,5,30,0
-32.503692,116.972160,15,2,2023,5,34,41
-32.503746,116.972091,15,2,2023,5,40,6
-32.503738,116.972030,15,2,2023,5,44,47
-32.503761,116.972061,15,2,2023,5,50,1
-32.503635,116.971992,15,2,2023,5,54,40
-32.503684,116.971984,15,2,2023,5,59,38
-32.503623,116.971992,15,2,2023,6,4,37
-32.503677,116.971977,15,2,2023,6,9,38
-32.503604,116.971923,15,2,2023,6,14,38
-32.503585,116.972091,15,2,2023,6,19,40
-32.503807,116.972053,15,2,2023,6,24,38
-32.503753,116.972312,15,2,2023,6,29,37
-32.503982,116.972236,15,2,2023,6,34,38
-32.503860,116.972229,15,2,2023,6,39,38
-32.503875,116.972190,15,2,2023,6,44,39
-32.503910,116.972274,15,2,2023,6,49,38
-32.503765,116.972808,15,2,2023,6,54,37
-32.503730,116.972724,15,2,2023,6,59,38
-32.503738,116.972717,15,2,2023,7,4,41
-32.503833,116.972351,15,2,2023,7,9,40
-32.503829,116.973709,15,2,2023,7,14,37
-32.503746,116.973709,15,2,2023,7,19,37
-32.503665,116.973678,15,2,2023,7,24,38
-32.503723,116.973487,15,2,2023,7,29,38
-32.503845,116.973403,15,2,2023,7,34,39
-32.503673,116.973548,15,2,2023,7,39,42
-32.503658,116.973472,15,2,2023,7,44,53
-32.503746,116.973434,15,2,2023,7,49,40
-32.503715,116.973854,15,2,2023,7,54,44
-32.503822,116.973464,15,2,2023,8,0,0
-32.503826,116.973434,15,2,2023,8,4,38
-32.503776,116.973526,15,2,2023,8,9,37
-32.503826,116.973533,15,2,2023,8,14,37
-32.503818,116.973388,15,2,2023,8,19,37
-32.503749,116.973388,15,2,2023,8,24,37
-32.503814,116.973388,15,2,2023,8,29,37
-32.503818,116.973480,15,2,2023,8,34,39
-32.503818,116.973464,15,2,2023,8,39,38
-32.503826,116.973510,15,2,2023,8,44,37
-32.504100,116.975639,15,2,2023,8,49,37
-32.504066,116.979026,15,2,2023,8,54,39
-32.505466,116.978332,15,2,2023,8,59,37
-32.506229,116.978225,15,2,2023,9,4,39
-32.506301,116.978042,15,2,2023,9,9,37
-32.506206,116.978187,15,2,2023,9,14,37
-32.506072,116.978218,15,2,2023,9,19,37
-32.506046,116.978172,15,2,2023,9,24,37
-32.505867,116.978263,15,2,2023,9,29,37
-32.505493,116.978172,15,2,2023,9,34,37
-32.504512,116.978507,15,2,2023,9,39,37
-32.505027,116.978713,15,2,2023,9,44,39
-32.505222,116.978645,15,2,2023,9,49,38
-32.505313,116.978828,15,2,2023,9,54,39
-32.505638,116.978958,15,2,2023,9,59,37
-32.505794,116.979125,15,2,2023,10,4,37
-32.505710,116.979019,15,2,2023,10,9,40
-32.505752,116.978775,15,2,2023,10,14,38
-32.505290,116.978462,15,2,2023,10,19,37
-32.504539,116.978271,15,2,2023,10,24,38
-32.504013,116.976806,15,2,2023,10,30,0
-32.503898,116.976455,15,2,2023,10,34,37
-32.503181,116.975547,15,2,2023,10,39,37
-32.501998,116.975387,15,2,2023,10,44,37
-32.501960,116.975471,15,2,2023,10,49,37
-32.502071,116.975646,15,2,2023,10,54,38
-32.502071,116.975921,15,2,2023,10,59,37
-32.502067,116.975952,15,2,2023,11,4,37
-32.502094,116.976135,15,2,2023,11,9,37
-32.502143,116.976135,15,2,2023,11,14,37
-32.502105,116.976150,15,2,2023,11,19,37
-32.502147,116.976356,15,2,2023,11,24,37
-32.502326,116.973365,15,2,2023,11,29,37
-32.503082,116.972259,15,2,2023,11,34,37
-32.503154,116.972572,15,2,2023,11,39,37
-32.503303,116.972244,15,2,2023,11,44,38
-32.503387,116.972473,15,2,2023,11,49,37
-32.503406,116.972908,15,2,2023,11,54,43
-32.503494,116.972892,15,2,2023,11,59,38
-32.503543,116.972854,15,2,2023,12,5,0
-32.503673,116.972709,15,2,2023,12,9,38
-32.503734,116.972656,15,2,2023,12,14,37
-32.503780,116.972755,15,2,2023,12,19,37
-32.503810,116.972801,15,2,2023,12,24,37
-32.503799,116.972785,15,2,2023,12,29,37
-32.503772,116.972824,15,2,2023,12,34,37
-32.503818,116.972778,15,2,2023,12,39,37
-32.503749,116.972816,15,2,2023,12,44,37
-32.503822,116.972824,15,2,2023,12,49,37
-32.503784,116.972808,15,2,2023,12,54,38
-32.503799,116.972846,15,2,2023,12,59,38
-32.503982,116.972747,15,2,2023,13,4,37
-32.504020,116.972785,15,2,2023,13,9,37
-32.504001,116.972763,15,2,2023,13,14,38
-32.504001,116.972724,15,2,2023,13,19,38
-32.503902,116.972793,15,2,2023,13,24,38
-32.503829,116.972846,15,2,2023,13,29,38
-32.503883,116.972747,15,2,2023,13,34,37
-32.503986,116.972709,15,2,2023,13,39,37
-32.503993,116.972633,15,2,2023,13,44,37
-32.503940,116.972740,15,2,2023,13,49,37
-32.503704,116.972877,15,2,2023,13,54,37
-32.503929,116.972724,15,2,2023,13,59,37
-32.503871,116.972763,15,2,2023,14,5,0
-32.503803,116.972831,15,2,2023,14,9,38
-32.503746,116.972831,15,2,2023,14,14,40
-32.503822,116.972824,15,2,2023,14,19,38
-32.503791,116.972793,15,2,2023,14,24,37
-32.503849,116.972793,15,2,2023,14,29,38
-32.503807,116.972816,15,2,2023,14,34,38
-32.503856,116.972846,15,2,2023,14,39,38
-32.503768,116.972915,15,2,2023,14,44,59
-32.503749,116.972885,15,2,2023,14,49,38
-32.503852,116.972862,15,2,2023,14,54,39
-32.503887,116.972724,15,2,2023,14,59,38
-32.503875,116.972663,15,2,2023,15,4,42
-32.503883,116.972785,15,2,2023,15,9,42
-32.503757,116.972908,15,2,2023,15,14,40
-32.503955,116.972846,15,2,2023,15,19,37
-32.504032,116.972854,15,2,2023,15,24,37
-32.504024,116.972839,15,2,2023,15,29,39
-32.503967,116.972587,15,2,2023,15,34,39
-32.503971,116.972732,15,2,2023,15,39,40
-32.503971,116.972579,15,2,2023,15,44,41
-32.503986,116.972854,15,2,2023,15,49,40
-32.503997,116.972999,15,2,2023,15,54,40
-32.503967,116.972595,15,2,2023,15,59,40
-32.503959,116.972839,15,2,2023,16,5,8
-32.503894,116.972831,15,2,2023,16,9,38
-32.503990,116.972869,15,2,2023,16,14,37
-32.504039,116.972961,15,2,2023,16,19,37
-32.503986,116.973022,15,2,2023,16,24,37
-32.504093,116.973152,15,2,2023,16,29,37
-32.504035,116.973060,15,2,2023,16,34,37
-32.504135,116.973060,15,2,2023,16,39,37
-32.503963,116.973045,15,2,2023,16,44,38
-32.503936,116.972953,15,2,2023,16,49,37
-32.503978,116.972953,15,2,2023,16,54,46
-32.503894,116.973007,15,2,2023,16,59,39
-32.504096,116.972961,15,2,2023,17,4,38
-32.504024,116.972869,15,2,2023,17,9,39
-32.503341,116.973075,15,2,2023,17,14,39
-32.504043,116.972824,15,2,2023,17,19,39
-32.503883,116.972846,15,2,2023,17,24,39
-32.503543,116.972946,15,2,2023,17,29,38
-32.503864,116.972846,15,2,2023,17,35,1
-32.503921,116.972763,15,2,2023,17,39,37
-32.503852,116.972877,15,2,2023,17,44,38
-32.503890,116.972816,15,2,2023,17,49,37
-32.503936,116.972839,15,2,2023,17,54,38
-32.503589,116.972854,15,2,2023,17,59,37
-32.503894,116.972824,15,2,2023,18,4,37
-32.503940,116.972854,15,2,2023,18,9,37
-32.503997,116.972862,15,2,2023,18,14,38
-32.503997,116.972824,15,2,2023,18,19,37
-32.504154,116.972846,15,2,2023,18,24,39
-32.503887,116.972869,15,2,2023,18,30,1
-32.503860,116.972885,15,2,2023,18,34,38
-32.503829,116.972824,15,2,2023,18,39,38
-32.503887,116.972877,15,2,2023,18,44,38
-32.503883,116.972930,15,2,2023,18,49,37
-32.503902,116.972877,15,2,2023,18,54,37
-32.503875,116.972869,15,2,2023,18,59,38
-32.503925,116.972892,15,2,2023,19,4,43
-32.503890,116.972862,15,2,2023,19,9,39
-32.503925,116.972839,15,2,2023,19,14,38
-32.503868,116.972892,15,2,2023,19,19,38
-32.503856,116.972862,15,2,2023,19,24,48
-32.503818,116.972908,15,2,2023,19,29,37
-32.503871,116.972869,15,2,2023,19,35,0
-32.503807,116.972969,15,2,2023,19,39,37
-32.503803,116.972831,15,2,2023,19,44,37
-32.503921,116.972831,15,2,2023,19,49,41
-32.503864,116.972862,15,2,2023,19,55,0
-32.503883,116.973030,15,2,2023,19,59,36
-32.503883,116.973022,15,2,2023,20,4,36
-32.503837,116.973045,15,2,2023,20,9,39
-32.503856,116.972892,15,2,2023,20,14,37
-32.503887,116.973083,15,2,2023,20,19,38
-32.503768,116.973068,15,2,2023,20,24,40
-32.503639,116.972053,15,2,2023,20,29,40
-32.504062,116.973182,15,2,2023,20,34,44
-32.503898,116.972663,15,2,2023,20,39,44
-32.503837,116.972793,15,2,2023,20,44,37
-32.503734,116.972633,15,2,2023,20,49,37
-32.503940,116.972961,15,2,2023,20,54,37
-32.503868,116.972747,15,2,2023,20,59,37
-32.503677,116.973083,15,2,2023,21,4,37
-32.503623,116.973197,15,2,2023,21,9,36
-32.503131,116.972373,15,2,2023,21,14,37
-32.502845,116.971282,15,2,2023,21,19,38
-32.502586,116.970939,15,2,2023,21,24,38
-32.502304,116.970802,15,2,2023,21,29,37
-32.503620,116.971046,15,2,2023,21,34,37
-32.503906,116.971199,15,2,2023,21,39,36
-32.503608,116.968849,15,2,2023,21,44,38
-32.503044,116.969329,15,2,2023,21,49,36
-32.502704,116.969871,15,2,2023,21,54,38
-32.502662,116.970123,15,2,2023,21,59,39
-32.502689,116.970428,15,2,2023,22,10,0
-32.502731,116.970573,15,2,2023,22,14,36
-32.502841,116.970535,15,2,2023,22,19,36
-32.502952,116.970664,15,2,2023,22,24,36
-32.502887,116.970741,15,2,2023,22,29,36
-32.503318,116.970741,15,2,2023,22,34,36
-32.503746,116.970855,15,2,2023,22,39,36
-32.503791,116.970970,15,2,2023,22,44,36
-32.503818,116.971519,15,2,2023,22,49,37
-32.503726,116.971580,15,2,2023,22,54,38
-32.503784,116.971672,15,2,2023,22,59,36
-32.503768,116.971946,15,2,2023,23,4,37
-32.503719,116.972251,15,2,2023,23,9,36
-32.503738,116.972366,15,2,2023,23,14,36
-32.503452,116.972351,15,2,2023,23,19,36
-32.503402,116.972297,15,2,2023,23,24,44
-32.503204,116.972343,15,2,2023,23,29,36
-32.503173,116.972488,15,2,2023,23,34,36
-32.503154,116.972122,15,2,2023,23,39,36
-32.502964,116.971931,15,2,2023,23,44,37
-32.502738,116.971923,15,2,2023,23,49,37
-32.502731,116.971878,15,2,2023,23,54,38
-32.502750,116.971733,15,2,2023,23,59,37
-32.502613,116.971786,16,2,2023,0,4,39
-32.503013,116.971099,16,2,2023,0,9,38
-32.502429,116.971588,16,2,2023,0,14,40
-32.502826,116.970855,16,2,2023,0,20,0
-32.502376,116.971359,16,2,2023,0,24,43
-32.502456,116.970924,16,2,2023,0,35,0
-32.502502,116.971000,16,2,2023,0,39,36
-32.502586,116.971221,16,2,2023,0,44,36
-32.502853,116.971305,16,2,2023,0,49,37
-32.502750,116.971511,16,2,2023,0,54,37
-32.502822,116.971427,16,2,2023,0,59,37
-32.502754,116.971443,16,2,2023,1,4,37
-32.502895,116.971366,16,2,2023,1,9,37
-32.502708,116.971656,16,2,2023,1,14,36
-32.502597,116.971664,16,2,2023,1,19,38
-32.502670,116.971672,16,2,2023,1,24,37
